255 255 255 255 255 255 255 255 255 255 255 255 255 255 255 255
255 251 223 223 223 223 223 223 223 223 223 223 223 223 251 255
255 223   0   0   0   0   0   0   0   0   0   0   0   0 223 255
255 223   0   0   0   0   0   0   0   0   0   0   0   0 223 255
255 223   0   0  26  70  70  70  70  70  70  26   0   0 223 255
255 223   0   0  70 187 187 187 187 187 187  70   0   0 223 255
255 223   0   0  70 187 187 187 187 187 187  70   0   0 223 255
255 223   0   0  70 187 126 118 161 187 187  70   0   0 223 255
255 223   0   0  70 187 185 161 143 126 126  70   0   0 223 255
255 223   0   0  70 187 187 187 108  44  54  70   0   0 223 255
255 223   0   0  70 187 187 187 187 187 187  70   0   0 223 255
255 223   0   0  26  70  70  70  70  70  70  26   0   0 223 255
255 223   0   0   0   0   0   0   0   0   0   0   0   0 223 255
255 223   0   0   0   0   0   0   0   0   0   0   0   0 223 255
255 251 223 223 223 223 223 223 223 223 223 223 223 223 251 255
255 255 255 255 255 255 255 255 255 255 255 255 255 255 255 255
255 255 255 255 255 255 255 255 255 255 255 255 255 255 255 255
255 251 223 223 223 223 223 223 223 223 223 223 223 223 251 255
255 223   0   0   0   0   0   0   0   0   0   0   0   0 223 255
255 223   0   0   0   0   0   0   0   0   0   0   0   0 223 255
255 223   0   0  26  70  70  70  70  70  70  26   0   0 223 255
255 223   0   0  70 187 187 187 187 187 187  70   0   0 223 255
255 223   0   0  70 187 187 187 187 187 187  70   0   0 223 255
255 223   0   0  70 187 126 118 161 187 187  70   0   0 223 255
255 223   0   0  70 187 185 161 143 126 126  70   0   0 223 255
255 223   0   0  70 187 187 187 108  44  54  70   0   0 223 255
255 223   0   0  70 187 187 187 187 187 187  70   0   0 223 255
255 223   0   0  26  70  70  70  70  70  70  26   0   0 223 255
255 223   0   0   0   0   0   0   0   0   0   0   0   0 223 255
255 223   0   0   0   0   0   0   0   0   0   0   0   0 223 255
255 251 223 223 223 223 223 223 223 223 223 223 223 223 251 255
255 255 255 255 255 255 255 255 255 255 255 255 255 255 255 255
255 255 255 255 255 255 255 255 255 255 255 255 255 255 255 255
255 251 223 223 223 223 223 223 223 223 223 223 223 223 251 255
255 223   0   0   0   0   0   0   0   0   0   0   0   0 223 255
255 223   0   0   0   0   0   0   0   0   0   0   0   0 223 255
255 223   0   0  26  70  70  70  70  70  70  26   0   0 223 255
255 223   0   0  70 187 187 187 187 187 187  70   0   0 223 255
255 223   0   0  70 187 187 187 187 187 187  70   0   0 223 255
255 223   0   0  70 187 126 118 161 187 187  70   0   0 223 255
255 223   0   0  70 187 185 161 143 126 126  70   0   0 223 255
255 223   0   0  70 187 187 187 108  44  54  70   0   0 223 255
255 223   0   0  70 187 187 187 187 187 187  70   0   0 223 255
255 223   0   0  26  70  70  70  70  70  70  26   0   0 223 255
255 223   0   0   0   0   0   0   0   0   0   0   0   0 223 255
255 223   0   0   0   0   0   0   0   0   0   0   0   0 223 255
255 251 223 223 223 223 223 223 223 223 223 223 223 223 251 255
255 255 255 255 255 255 255 255 255 255 255 255 255 255 255 255

255 255 255 255 255 255 255 255 255 255 255 255 255 255 255 255
255 164 104 103 103 103 103 103 103 103 103 103 103 104 164 255
255 104   3   2   2   2   2   2   2   2   2   2   2   3 104 255
255 103   2   0   0   0   0   0   0   0   0   0   0   2 103 255
255 103   2   0  19  59  60  60  55  55  59  19   0   2 103 255
255 103   2   0  59 176 158 151 139 143 176  59   0   2 103 255
255 103   2   0  61 181 158 148 154 150 181  61   0   2 103 255
255 103   2   0  61 181 155 148 150 150 181  61   0   2 103 255
255 103   2   0  61 181 152 151 147 150 181  61   0   2 103 255
255 103   2   0  61 181 157 147 150 155 181  61   0   2 103 255
255 103   2   0  59 176 162 156 153 161 176  59   0   2 103 255
255 103   2   0  19  59  61  61  60  61  59  19   0   2 103 255
255 103   2   0   0   0   0   0   0   0   0   0   0   2 103 255
255 104   3   2   2   2   2   2   2   2   2   2   2   3 104 255
255 164 104 103 103 103 103 103 103 103 103 103 103 104 164 255
255 255 255 255 255 255 255 255 255 255 255 255 255 255 255 255
255 255 255 255 255 255 255 255 255 255 255 255 255 255 255 255
255 164 104 103 103 103 103 103 103 103 103 103 103 104 164 255
255 104   3   2   2   2   2   2   2   2   2   2   2   3 104 255
255 103   2   0   0   0   0   0   0   0   0   0   0   2 103 255
255 103   2   0  19  59  60  60  55  55  59  19   0   2 103 255
255 103   2   0  59 176 158 151 139 143 176  59   0   2 103 255
255 103   2   0  61 181 158 148 154 150 181  61   0   2 103 255
255 103   2   0  61 181 155 148 150 150 181  61   0   2 103 255
255 103   2   0  61 181 152 151 147 150 181  61   0   2 103 255
255 103   2   0  61 181 157 147 150 155 181  61   0   2 103 255
255 103   2   0  59 176 162 156 153 161 176  59   0   2 103 255
255 103   2   0  19  59  61  61  60  61  59  19   0   2 103 255
255 103   2   0   0   0   0   0   0   0   0   0   0   2 103 255
255 104   3   2   2   2   2   2   2   2   2   2   2   3 104 255
255 164 104 103 103 103 103 103 103 103 103 103 103 104 164 255
255 255 255 255 255 255 255 255 255 255 255 255 255 255 255 255
255 255 255 255 255 255 255 255 255 255 255 255 255 255 255 255
255 164 104 103 103 103 103 103 103 103 103 103 103 104 164 255
255 104   3   2   2   2   2   2   2   2   2   2   2   3 104 255
255 103   2   0   0   0   0   0   0   0   0   0   0   2 103 255
255 103   2   0  19  59  60  60  55  55  59  19   0   2 103 255
255 103   2   0  59 176 158 151 139 143 176  59   0   2 103 255
255 103   2   0  61 181 158 148 154 150 181  61   0   2 103 255
255 103   2   0  61 181 155 148 150 150 181  61   0   2 103 255
255 103   2   0  61 181 152 151 147 150 181  61   0   2 103 255
255 103   2   0  61 181 157 147 150 155 181  61   0   2 103 255
255 103   2   0  59 176 162 156 153 161 176  59   0   2 103 255
255 103   2   0  19  59  61  61  60  61  59  19   0   2 103 255
255 103   2   0   0   0   0   0   0   0   0   0   0   2 103 255
255 104   3   2   2   2   2   2   2   2   2   2   2   3 104 255
255 164 104 103 103 103 103 103 103 103 103 103 103 104 164 255
255 255 255 255 255 255 255 255 255 255 255 255 255 255 255 255

255 255 255 255 255 255 255 255 255 255 255 255 255 255 255 255
255 156  96  96  96  96  96  96  96  96  96  96  96  97 164 255
255  96   1   0   0   0   0   0   0   0   0   0   0   3 109 255
255  96   0   0   0   0   0   0   0   0   0   0   0   2 109 255
255  96   0   0  23  65  67  67  67  67  65  19   0   2 109 255
255  96   0   0  65 175 181 180 180 180 175  52   0   2 109 255
255  96   0   0  60 143 149 149 149 156 160  54   0   2 109 255
255  96   0   0  60 141 155 151 148 151 153  53   0   2 109 255
255  96   0   0  66 148 147 147 148 145 156  53   0   2 109 255
255  96   0   0  66 157 158 154 151 156 163  54   0   2 109 255
255  96   0   0  65 176 181 181 181 181 175  52   0   2 109 255
255  96   0   0  21  59  60  60  60  60  58  17   0   2 109 255
255  96   0   0   0   0   0   0   0   0   0   0   0   2 109 255
255  97   2   1   1   1   1   1   1   1   1   1   1   3 110 255
255 160 103 103 103 103 103 103 103 103 103 103 103 104 167 255
255 255 255 255 255 255 255 255 255 255 255 255 255 255 255 255
255 255 255 255 255 255 255 255 255 255 255 255 255 255 255 255
255 156  96  96  96  96  96  96  96  96  96  96  96  97 164 255
255  96   1   0   0   0   0   0   0   0   0   0   0   3 109 255
255  96   0   0   0   0   0   0   0   0   0   0   0   2 109 255
255  96   0   0  23  65  67  67  67  67  65  19   0   2 109 255
255  96   0   0  65 175 181 180 180 180 175  52   0   2 109 255
255  96   0   0  60 143 149 149 149 156 160  54   0   2 109 255
255  96   0   0  60 141 155 151 148 151 153  53   0   2 109 255
255  96   0   0  66 148 147 147 148 145 156  53   0   2 109 255
255  96   0   0  66 157 158 154 151 156 163  54   0   2 109 255
255  96   0   0  65 176 181 181 181 181 175  52   0   2 109 255
255  96   0   0  21  59  60  60  60  60  58  17   0   2 109 255
255  96   0   0   0   0   0   0   0   0   0   0   0   2 109 255
255  97   2   1   1   1   1   1   1   1   1   1   1   3 110 255
255 160 103 103 103 103 103 103 103 103 103 103 103 104 167 255
255 255 255 255 255 255 255 255 255 255 255 255 255 255 255 255
255 255 255 255 255 255 255 255 255 255 255 255 255 255 255 255
255 156  96  96  96  96  96  96  96  96  96  96  96  97 164 255
255  96   1   0   0   0   0   0   0   0   0   0   0   3 109 255
255  96   0   0   0   0   0   0   0   0   0   0   0   2 109 255
255  96   0   0  23  65  67  67  67  67  65  19   0   2 109 255
255  96   0   0  65 175 181 180 180 180 175  52   0   2 109 255
255  96   0   0  60 143 149 149 149 156 160  54   0   2 109 255
255  96   0   0  60 141 155 151 148 151 153  53   0   2 109 255
255  96   0   0  66 148 147 147 148 145 156  53   0   2 109 255
255  96   0   0  66 157 158 154 151 156 163  54   0   2 109 255
255  96   0   0  65 176 181 181 181 181 175  52   0   2 109 255
255  96   0   0  21  59  60  60  60  60  58  17   0   2 109 255
255  96   0   0   0   0   0   0   0   0   0   0   0   2 109 255
255  97   2   1   1   1   1   1   1   1   1   1   1   3 110 255
255 160 103 103 103 103 103 103 103 103 103 103 103 104 167 255
255 255 255 255 255 255 255 255 255 255 255 255 255 255 255 255

255 255 255 255 255 255 255 255 255 255 255 255 255 255 255 255
255 164 104 103 103 103 103 103 103 103 103 103 103 104 164 255
255 104   3   2   2   2   2   2   2   2   2   2   2   3 104 255
255 103   2   0   0   0   0   0   0   0   0   0   0   2 103 255
255 103   2   0  19  59  61  60  61  61  59  19   0   2 103 255
255 103   2   0  59 176 161 153 156 162 176  59   0   2 103 255
255 103   2   0  61 181 155 150 147 157 181  61   0   2 103 255
255 103   2   0  61 181 150 147 151 152 181  61   0   2 103 255
255 103   2   0  61 181 150 150 148 155 181  61   0   2 103 255
255 103   2   0  61 181 150 154 148 158 181  61   0   2 103 255
255 103   2   0  59 176 143 139 151 158 176  59   0   2 103 255
255 103   2   0  19  59  55  55  60  60  59  19   0   2 103 255
255 103   2   0   0   0   0   0   0   0   0   0   0   2 103 255
255 104   3   2   2   2   2   2   2   2   2   2   2   3 104 255
255 164 104 103 103 103 103 103 103 103 103 103 103 104 164 255
255 255 255 255 255 255 255 255 255 255 255 255 255 255 255 255
255 255 255 255 255 255 255 255 255 255 255 255 255 255 255 255
255 164 104 103 103 103 103 103 103 103 103 103 103 104 164 255
255 104   3   2   2   2   2   2   2   2   2   2   2   3 104 255
255 103   2   0   0   0   0   0   0   0   0   0   0   2 103 255
255 103   2   0  19  59  61  60  61  61  59  19   0   2 103 255
255 103   2   0  59 176 161 153 156 162 176  59   0   2 103 255
255 103   2   0  61 181 155 150 147 157 181  61   0   2 103 255
255 103   2   0  61 181 150 147 151 152 181  61   0   2 103 255
255 103   2   0  61 181 150 150 148 155 181  61   0   2 103 255
255 103   2   0  61 181 150 154 148 158 181  61   0   2 103 255
255 103   2   0  59 176 143 139 151 158 176  59   0   2 103 255
255 103   2   0  19  59  55  55  60  60  59  19   0   2 103 255
255 103   2   0   0   0   0   0   0   0   0   0   0   2 103 255
255 104   3   2   2   2   2   2   2   2   2   2   2   3 104 255
255 164 104 103 103 103 103 103 103 103 103 103 103 104 164 255
255 255 255 255 255 255 255 255 255 255 255 255 255 255 255 255
255 255 255 255 255 255 255 255 255 255 255 255 255 255 255 255
255 164 104 103 103 103 103 103 103 103 103 103 103 104 164 255
255 104   3   2   2   2   2   2   2   2   2   2   2   3 104 255
255 103   2   0   0   0   0   0   0   0   0   0   0   2 103 255
255 103   2   0  19  59  61  60  61  61  59  19   0   2 103 255
255 103   2   0  59 176 161 153 156 162 176  59   0   2 103 255
255 103   2   0  61 181 155 150 147 157 181  61   0   2 103 255
255 103   2   0  61 181 150 147 151 152 181  61   0   2 103 255
255 103   2   0  61 181 150 150 148 155 181  61   0   2 103 255
255 103   2   0  61 181 150 154 148 158 181  61   0   2 103 255
255 103   2   0  59 176 143 139 151 158 176  59   0   2 103 255
255 103   2   0  19  59  55  55  60  60  59  19   0   2 103 255
255 103   2   0   0   0   0   0   0   0   0   0   0   2 103 255
255 104   3   2   2   2   2   2   2   2   2   2   2   3 104 255
255 164 104 103 103 103 103 103 103 103 103 103 103 104 164 255
255 255 255 255 255 255 255 255 255 255 255 255 255 255 255 255
